"G" <- c(130, 141, 131, 136, 72, 140, 128, 65, 66, 124, 70, 124, 129, 131, 126, 133, 78, 114, 127, 137, 129, 77, 110, 116, 74, 131, 74, 110, 151, 130, 133, 124, 114, 109, 80, 119, 127, 121, 79, 111, 135, 133, 77, 134, 139, 72, 68, 139, 145, 75, 86, 86, 81, 111, 65, 129, 127, 126, 134, 144, 138, 151, 74, 146)
"L" <- 800
"n" <- 63
"sig1" <- 0
"sig2" <- 1
"J1" <- 8
"J2" <- 24
"p1" <- 1.25
"p2" <- 1.25
"v1" <- 1
"v2" <- 1
"omega" <- 1
"h1t" <- 2.9
"h2t" <- 5.5
"shapet" <- 1
"ratet" <- 1

