"q" <- 0.290275392864061
"epsilon" <- 0.0155053486723

