"q" <- 0.344814022596725
"epsilon" <- 0.691790086348744

