"q" <- 0.27328713253242
"epsilon" <- 0.772764695612518

