"q" <- 0.210897518115461
"epsilon" <- 0.443198009413323

